	12					
	658.800066	647.077262	5.46875	0.957561		
	558.000088	572.74437	6.152344	0.96551		
	510.30004	515.052319	6.835938	0.976519		
	468.600035	461.129338	7.910156	0.984711		
	438.749999	423.989147	9.375	0.979121		
	406.012505	402.125329	11.035156	0.980684		
	383.737504	384.914309	13.476563	0.974411		
	369.562536	376.246989	15.625	0.990309		
	371.587515	369.888663	18.164063	0.992768		
	360.45	366.091698	20.605469	0.998112		
	360.45	363.771141	22.949219	0.991256		
	371.264756	362.447798	25	0.992152		
	15					
	0	3.99E-01	3.57E-03	6.94E-01	1.51E+00	
	1	3.81E-01	4.12E-03	6.84E-01	1.51E+00	
	2	3.99E-01	4.67E-03	7.23E-01	1.52E+00	
	3	4.46E-01	5.22E-03	8.21E-01	1.56E+00	
	4	4.67E-01	5.77E-03	8.76E-01	1.58E+00	
	5	5.35E-01	6.32E-03	9.54E-01	1.60E+00	
	6	6.56E-01	6.87E-03	1.13E+00	1.67E+00	
	7	8.06E-01	7.42E-03	1.39E+00	1.75E+00	
	8	8.97E-01	7.97E-03	1.55E+00	1.80E+00	
	9	9.71E-01	8.52E-03	1.68E+00	1.84E+00	
	10	1.02E+00	9.07E-03	1.76E+00	1.87E+00	
	11	1.05E+00	9.62E-03	1.81E+00	1.89E+00	
	12	1.06E+00	1.02E-02	1.84E+00	1.89E+00	
	13	1.07E+00	3.21E-02	1.85E+00	1.90E+00	
	14	1.08E+00	9.90E+01	1.87E+00	1.90E+00	
	0	0	0	0	0	0
	0					
	0					
0						
1023						
	0.0001	2.000001				
	0.097752	2.002372				
	0.195503	2.009384				
	0.293255	2.020981				
	0.391007	2.037205				
	0.488759	2.058105				
	0.58651	2.0838				
	0.684262	2.114419				
	0.782014	2.150136				
	0.879765	2.191157				
	0.977517	2.237724				
	1.075269	2.290123				
	1.17302	2.348659				
	1.270772	2.413688				
	1.368524	2.485594				
	1.466276	2.564795				
	1.564027	2.651734				
	1.661779	2.746869				
	1.759531	2.850667				
	1.857283	2.963583				
	1.955034	3.085999				
	2.052786	3.218231				
	2.150538	3.360434				
	2.248289	3.5125				
	2.346041	3.674005				
	2.443793	3.844008				
	2.541544	4.020931				
	2.639296	4.202371				
	2.737048	4.384909				
	2.8348	4.564077				
	2.932551	4.734347				
	3.030303	4.889349				
	3.128055	5.022376				
	3.225806	5.127082				
	3.323558	5.198367				
	3.42131	5.233155				
	3.519062	5.230877				
	3.616813	5.193589				
	3.714565	5.125492				
	3.812317	5.032207				
	3.910069	4.920024				
	4.00782	4.795094				
	4.105572	4.662947				
	4.203323	4.528236				
	4.301075	4.394633				
	4.398827	4.264888				
	4.496579	4.140962				
	4.59433	4.024158				
	4.692082	3.915269				
	4.789834	3.81474				
	4.887586	3.722719				
	4.985337	3.639165				
	5.083089	3.563915				
	5.18084	3.496731				
	5.278593	3.43731				
	5.376344	3.385335				
	5.474096	3.340481				
	5.571847	3.302414				
	5.669599	3.270807				
	5.767351	3.24535				
	5.865103	3.225734				
	5.962854	3.211656				
	6.060606	3.202822				
	6.158358	3.19895				
	6.25611	3.199741				
	6.353861	3.204905				
	6.451613	3.214152				
	6.549365	3.227175				
	6.647116	3.243664				
	6.744868	3.263299				
	6.84262	3.285734				
	6.940372	3.310634				
	7.038123	3.337643				
	7.135875	3.366407				
	7.233626	3.39657				
	7.331378	3.427777				
	7.42913	3.4597				
	7.526882	3.492007				
	7.624633	3.524407				
	7.722385	3.556657				
	7.820137	3.588524				
	7.917889	3.619834				
	8.01564	3.650446				
	8.113392	3.680265				
	8.211143	3.709226				
	8.308895	3.737307				
	8.406647	3.764498				
	8.504399	3.790792				
	8.602151	3.816203				
	8.699903	3.840717				
	8.797654	3.864301				
	8.895406	3.886903				
	8.993157	3.908425				
	9.090909	3.928733				
	9.188661	3.947635				
	9.286412	3.964905				
	9.384164	3.980282				
	9.481915	3.993463				
	9.579668	4.004131				
	9.67742	4.011981				
	9.775171	4.016697				
	9.872923	4.018009				
	9.970675	4.015702				
	10.068426	4.00962				
	10.166178	3.999698				
	10.263929	3.985961				
	10.361681	3.968529				
	10.459433	3.947623				
	10.557185	3.923539				
	10.654937	3.896671				
	10.752688	3.867425				
	10.85044	3.836302				
	10.948192	3.803773				
	11.045943	3.770354				
	11.143695	3.736508				
	11.241446	3.702706				
	11.339198	3.669345				
	11.43695	3.636793				
	11.534702	3.605363				
	11.632454	3.575314				
	11.730206	3.546845				
	11.827957	3.520105				
	11.925709	3.495197				
	12.02346	3.47216				
	12.121212	3.451016				
	12.218964	3.431709				
	12.316715	3.4142				
	12.414467	3.398374				
	12.512219	3.384139				
	12.609971	3.37134				
	12.707723	3.359848				
	12.805474	3.349505				
	12.903226	3.340157				
	13.000978	3.33166				
	13.098729	3.323873				
	13.196481	3.31667				
	13.294232	3.309938				
	13.391984	3.303605				
	13.489736	3.297585				
	13.587488	3.291854				
	13.68524	3.286374				
	13.782991	3.281166				
	13.880743	3.27624				
	13.978495	3.271651				
	14.076246	3.267436				
	14.173998	3.26369				
	14.271749	3.260471				
	14.369501	3.257855				
	14.467253	3.255911				
	14.565005	3.254715				
	14.662757	3.254313				
	14.760509	3.254742				
	14.85826	3.256028				
	14.956012	3.258164				
	15.053763	3.261138				
	15.151515	3.264881				
	15.249267	3.269347				
	15.347018	3.274415				
	15.44477	3.279982				
	15.542522	3.285891				
	15.640274	3.291982				
	15.738026	3.298085				
	15.835777	3.304011				
	15.933529	3.30956				
	16.031281	3.314551				
	16.129032	3.318798				
	16.226784	3.322129				
	16.324535	3.324403				
	16.422287	3.325485				
	16.520039	3.325306				
	16.61779	3.323795				
	16.715542	3.320955				
	16.813293	3.316789				
	16.911045	3.311371				
	17.008799	3.304786				
	17.10655	3.297173				
	17.204302	3.288671				
	17.302053	3.279457				
	17.399805	3.26971				
	17.497557	3.259624				
	17.595308	3.249392				
	17.69306	3.239198				
	17.790812	3.229223				
	17.888563	3.219624				
	17.986315	3.21056				
	18.084066	3.20214				
	18.181818	3.194489				
	18.27957	3.187679				
	18.377321	3.181787				
	18.475073	3.176846				
	18.572824	3.172881				
	18.670576	3.169893				
	18.768328	3.167869				
	18.866079	3.166788				
	18.963831	3.166603				
	19.061584	3.167262				
	19.159336	3.16871				
	19.257088	3.170881				
	19.354839	3.1737				
	19.452591	3.177112				
	19.550343	3.181046				
	19.648094	3.185438				
	19.745846	3.190235				
	19.843597	3.195391				
	19.941349	3.200862				
	20.039101	3.206618				
	20.136852	3.212641				
	20.234604	3.218919				
	20.332355	3.225443				
	20.430107	3.232211				
	20.527859	3.23924				
	20.62561	3.246527				
	20.723362	3.254085				
	20.821114	3.261926				
	20.918865	3.270053				
	21.016619	3.278455				
	21.11437	3.287117				
	21.212122	3.296021				
	21.309874	3.305133				
	21.407625	3.314396				
	21.505377	3.32373				
	21.603128	3.333073				
	21.70088	3.34232				
	21.798632	3.351351				
	21.896383	3.360052				
	21.994135	3.368293				
	22.091887	3.375926				
	22.189638	3.382807				
	22.28739	3.388801				
	22.385141	3.39378				
	22.482893	3.397606				
	22.580645	3.400174				
	22.678396	3.401408				
	22.776148	3.401243				
	22.873899	3.399629				
	22.971651	3.396571				
	23.069405	3.392091				
	23.167156	3.386235				
	23.264908	3.379082				
	23.362659	3.370741				
	23.460411	3.361336				
	23.558163	3.351009				
	23.655914	3.339914				
	23.753666	3.328217				
	23.851418	3.316084				
	23.949169	3.303668				
	24.046921	3.291131				
	24.144672	3.278632				
	24.242424	3.266287				
	24.340176	3.254221				
	24.437927	3.242532				
	24.535679	3.23131				
	24.63343	3.220607				
	24.731182	3.21047				
	24.828934	3.200922				
	24.926685	3.191978				
	25.024439	3.18362				
	25.12219	3.17583				
	25.219942	3.168561				
	25.317694	3.161786				
	25.415445	3.155435				
	25.513197	3.149447				
	25.610949	3.143775				
	25.7087	3.13834				
	25.806452	3.133089				
	25.904203	3.127954				
	26.001955	3.122905				
	26.099707	3.117881				
	26.197458	3.112852				
	26.29521	3.107793				
	26.392962	3.102698				
	26.490713	3.097554				
	26.588465	3.09236				
	26.686216	3.087141				
	26.783968	3.081911				
	26.88172	3.076689				
	26.979471	3.071499				
	27.077225	3.066376				
	27.174976	3.061345				
	27.272728	3.056417				
	27.37048	3.051616				
	27.468231	3.046952				
	27.565983	3.042427				
	27.663734	3.038023				
	27.761486	3.033732				
	27.859238	3.02953				
	27.956989	3.025373				
	28.054741	3.021219				
	28.152493	3.017011				
	28.250244	3.012709				
	28.347996	3.008237				
	28.445747	3.003542				
	28.543499	2.998576				
	28.641251	2.99328				
	28.739002	2.987615				
	28.836754	2.981548				
	28.934505	2.975068				
	29.032259	2.968174				
	29.130011	2.960875				
	29.227762	2.953206				
	29.325514	2.945227				
	29.423265	2.93699				
	29.521017	2.928595				
	29.618769	2.920124				
	29.71652	2.9117				
	29.814272	2.903434				
	29.912024	2.895448				
	30.009775	2.887879				
	30.107527	2.880846				
	30.205278	2.874468				
	30.30303	2.868867				
	30.400782	2.864155				
	30.498533	2.860425				
	30.596285	2.857764				
	30.694036	2.856236				
	30.791788	2.855909				
	30.88954	2.856808				
	30.987291	2.858959				
	31.085045	2.862364				
	31.182796	2.867002				
	31.280548	2.872844				
	31.3783	2.879827				
	31.476051	2.8879				
	31.573803	2.896959				
	31.671555	2.906913				
	31.769306	2.917643				
	31.867058	2.929031				
	31.964809	2.940934				
	32.062561	2.953222				
	32.160313	2.965743				
	32.258064	2.978365				
	32.355816	2.990946				
	32.453568	3.003355				
	32.551319	3.015467				
	32.649071	3.027174				
	32.746822	3.038381				
	32.844574	3.048999				
	32.942326	3.058973				
	33.040077	3.068241				
	33.137829	3.07676				
	33.23558	3.084501				
	33.333332	3.091454				
	33.431084	3.097587				
	33.528835	3.102894				
	33.626587	3.10735				
	33.724339	3.11094				
	33.82209	3.113632				
	33.919842	3.115389				
	34.017597	3.116161				
	34.115349	3.1159				
	34.2131	3.11452				
	34.310852	3.111953				
	34.408604	3.108122				
	34.506355	3.102952				
	34.604107	3.096351				
	34.701859	3.088269				
	34.79961	3.078662				
	34.897362	3.067497				
	34.995113	3.054765				
	35.092865	3.040503				
	35.190617	3.024781				
	35.288368	3.007685				
	35.38612	2.989341				
	35.483871	2.969918				
	35.581623	2.949607				
	35.679375	2.928608				
	35.777126	2.907162				
	35.874878	2.885518				
	35.97263	2.863909				
	36.070381	2.842604				
	36.168133	2.821838				
	36.265884	2.801857				
	36.363636	2.782881				
	36.461388	2.765124				
	36.559139	2.748771				
	36.656891	2.734009				
	36.754642	2.720976				
	36.852394	2.709821				
	36.950146	2.700649				
	37.047897	2.693556				
	37.145649	2.688625				
	37.243401	2.685915				
	37.341152	2.685484				
	37.438904	2.687353				
	37.536655	2.691555				
	37.634407	2.698084				
	37.732159	2.706961				
	37.82991	2.718169				
	37.927662	2.731688				
	38.025417	2.747505				
	38.123169	2.765603				
	38.220921	2.785935				
	38.318672	2.80849				
	38.416424	2.833235				
	38.514175	2.860131				
	38.611927	2.88916				
	38.709679	2.920298				
	38.80743	2.953521				
	38.905182	2.988803				
	39.002934	3.026146				
	39.100685	3.065511				
	39.198437	3.106888				
	39.296188	3.150238				
	39.39394	3.195532				
	39.491692	3.242713				
	39.589443	3.291675				
	39.687195	3.342291				
	39.784946	3.394376				
	39.882698	3.447697				
	39.98045	3.501889				
	40.078201	3.556547				
	40.175953	3.611092				
	40.273705	3.664866				
	40.371456	3.717029				
	40.469208	3.766631				
	40.566959	3.812578				
	40.664711	3.853664				
	40.762463	3.888634				
	40.860214	3.916207				
	40.957966	3.935193				
	41.055717	3.944519				
	41.153469	3.943366				
	41.251221	3.931234				
	41.348972	3.907978				
	41.446724	3.873838				
	41.544476	3.829455				
	41.642227	3.775785				
	41.739979	3.714061				
	41.83773	3.645679				
	41.935482	3.572106				
	42.033237	3.494843				
	42.130989	3.415273				
	42.228741	3.334667				
	42.326492	3.25415				
	42.424244	3.174645				
	42.521996	3.096922				
	42.619747	3.021582				
	42.717499	2.949071				
	42.81525	2.879712				
	42.913002	2.813721				
	43.010754	2.751199				
	43.108505	2.692207				
	43.206257	2.636726				
	43.304008	2.58471				
	43.40176	2.536078				
	43.499512	2.490708				
	43.597263	2.4485				
	43.695015	2.409314				
	43.792767	2.373022				
	43.890518	2.339506				
	43.98827	2.308639				
	44.086021	2.280305				
	44.183773	2.254401				
	44.281525	2.230829				
	44.379276	2.209507				
	44.477028	2.190363				
	44.57478	2.173341				
	44.672531	2.158399				
	44.770283	2.145493				
	44.868034	2.134608				
	44.965786	2.125736				
	45.063538	2.118879				
	45.161289	2.114046				
	45.259041	2.11127				
	45.356792	2.110576				
	45.454544	2.112012				
	45.552296	2.115629				
	45.650047	2.12148				
	45.747799	2.129643				
	45.845551	2.140182				
	45.943302	2.153172				
	46.041058	2.168709				
	46.138809	2.186867				
	46.236561	2.207738				
	46.334312	2.231415				
	46.432064	2.257978				
	46.529816	2.28752				
	46.627567	2.320112				
	46.725319	2.355824				
	46.823071	2.394719				
	46.920822	2.436816				
	47.018574	2.482135				
	47.116325	2.530651				
	47.214077	2.58229				
	47.311829	2.636928				
	47.40958	2.694389				
	47.507332	2.754386				
	47.605083	2.816581				
	47.702835	2.88049				
	47.800587	2.945516				
	47.898338	3.010959				
	47.99609	3.075938				
	48.093842	3.139467				
	48.191593	3.200426				
	48.289345	3.257588				
	48.387096	3.309664				
	48.484848	3.355362				
	48.5826	3.393437				
	48.680351	3.422789				
	48.778103	3.44248				
	48.875854	3.451871				
	48.973606	3.450627				
	49.071358	3.438749				
	49.169109	3.416568				
	49.266861	3.384747				
	49.364613	3.344172				
	49.462364	3.295968				
	49.560116	3.24133				
	49.657867	3.181527				
	49.755619	3.117834				
	49.853371	3.051435				
	49.951122	2.983452				
	50.048878	2.914872				
	50.146629	2.846564				
	50.244381	2.779267				
	50.342133	2.713602				
	50.439884	2.650079				
	50.537636	2.589113				
	50.635387	2.531016				
	50.733139	2.476034				
	50.830891	2.424362				
	50.928642	2.376131				
	51.026394	2.331434				
	51.124146	2.290341				
	51.221897	2.252895				
	51.319649	2.219113				
	51.4174	2.189011				
	51.515152	2.162594				
	51.612904	2.139877				
	51.710655	2.12085				
	51.808407	2.105528				
	51.906158	2.093932				
	52.00391	2.086083				
	52.101662	2.082012				
	52.199413	2.081771				
	52.297165	2.085416				
	52.394917	2.09302				
	52.492668	2.104676				
	52.59042	2.120478				
	52.688171	2.140559				
	52.785923	2.165039				
	52.883675	2.194065				
	52.981426	2.227804				
	53.079178	2.266409				
	53.176929	2.310047				
	53.274681	2.358888				
	53.372433	2.41306				
	53.470184	2.472672				
	53.567936	2.537786				
	53.665688	2.608369				
	53.763439	2.684285				
	53.861191	2.765246				
	53.958942	2.850742				
	54.056698	2.940015				
	54.154449	3.031992				
	54.252201	3.125212				
	54.349953	3.217825				
	54.447704	3.307544				
	54.545456	3.391784				
	54.643208	3.467659				
	54.740959	3.532259				
	54.838711	3.582921				
	54.936462	3.617431				
	55.034214	3.634382				
	55.131966	3.633324				
	55.229717	3.614767				
	55.327469	3.580166				
	55.42522	3.531672				
	55.522972	3.471881				
	55.620724	3.403554				
	55.718475	3.329362				
	55.816227	3.251755				
	55.913979	3.172855				
	56.01173	3.094384				
	56.109482	3.017715				
	56.207233	2.943888				
	56.304985	2.873648				
	56.402737	2.807521				
	56.500488	2.745837				
	56.59824	2.688789				
	56.695992	2.636485				
	56.793743	2.588928				
	56.891495	2.546084				
	56.989246	2.507902				
	57.086998	2.474283				
	57.18475	2.44514				
	57.282501	2.420377				
	57.380253	2.399894				
	57.478004	2.383614				
	57.575756	2.371447				
	57.673508	2.363321				
	57.771259	2.359181				
	57.869011	2.358962				
	57.966763	2.362607				
	58.064518	2.37008				
	58.16227	2.381318				
	58.260021	2.396276				
	58.357773	2.414881				
	58.455524	2.437047				
	58.553276	2.462682				
	58.651028	2.491639				
	58.748779	2.523731				
	58.846531	2.558741				
	58.944283	2.596362				
	59.042034	2.636235				
	59.139786	2.677901				
	59.237537	2.720813				
	59.335289	2.764339				
	59.433041	2.807739				
	59.530792	2.850191				
	59.628544	2.890815				
	59.726295	2.928681				
	59.824047	2.96287				
	59.921799	2.992512				
	60.01955	3.01683				
	60.117302	3.035203				
	60.215054	3.047199				
	60.312805	3.052613				
	60.410557	3.051491				
	60.508308	3.044065				
	60.60606	3.030812				
	60.703812	3.012357				
	60.801563	2.989435				
	60.899315	2.962843				
	60.997066	2.933424				
	61.094818	2.901958				
	61.19257	2.869201				
	61.290321	2.835823				
	61.388073	2.802407				
	61.485825	2.769464				
	61.583576	2.737384				
	61.681328	2.70649				
	61.779079	2.677037				
	61.876831	2.649188				
	61.974583	2.623066				
	62.072338	2.598751				
	62.17009	2.576269				
	62.267841	2.555612				
	62.365593	2.536764				
	62.463345	2.519675				
	62.561096	2.504307				
	62.658848	2.49058				
	62.756599	2.478437				
	62.854351	2.467817				
	62.952103	2.458645				
	63.049854	2.450871				
	63.147606	2.444442				
	63.245358	2.4393				
	63.343109	2.43542				
	63.440861	2.432757				
	63.538612	2.431285				
	63.636364	2.43099				
	63.734116	2.431849				
	63.831867	2.433846				
	63.929619	2.436967				
	64.027374	2.441196				
	64.125122	2.446519				
	64.222878	2.452907				
	64.320625	2.460325				
	64.418381	2.468747				
	64.516129	2.478102				
	64.613884	2.488336				
	64.711632	2.499367				
	64.809387	2.511099				
	64.907135	2.523429				
	65.00489	2.536228				
	65.102638	2.549361				
	65.200394	2.562677				
	65.298141	2.576012				
	65.395897	2.589205				
	65.493645	2.60209				
	65.5914	2.6145				
	65.689148	2.626276				
	65.786903	2.637285				
	65.884651	2.647394				
	65.982407	2.656496				
	66.080154	2.664528				
	66.17791	2.671431				
	66.275658	2.677207				
	66.373413	2.681866				
	66.471161	2.685452				
	66.568916	2.688052				
	66.666664	2.689757				
	66.76442	2.690683				
	66.862167	2.690976				
	66.959923	2.690752				
	67.057671	2.690166				
	67.155426	2.689349				
	67.253174	2.688421				
	67.350929	2.68751				
	67.448677	2.686699				
	67.546432	2.686062				
	67.64418	2.685659				
	67.741936	2.685516				
	67.839684	2.685632				
	67.937439	2.686001				
	68.035194	2.686575				
	68.132942	2.687302				
	68.230698	2.688102				
	68.328445	2.688881				
	68.426201	2.68955				
	68.523949	2.689999				
	68.621704	2.690122				
	68.719452	2.689819				
	68.817207	2.689003				
	68.914955	2.687588				
	69.012711	2.685518				
	69.110458	2.682743				
	69.208214	2.679241				
	69.305962	2.675022				
	69.403717	2.670102				
	69.501465	2.664535				
	69.59922	2.658372				
	69.696968	2.651695				
	69.794724	2.64461				
	69.892471	2.637205				
	69.990227	2.629583				
	70.087975	2.621859				
	70.18573	2.614123				
	70.283478	2.606479				
	70.381233	2.599003				
	70.478981	2.591765				
	70.576736	2.584831				
	70.674484	2.578232				
	70.77224	2.571995				
	70.869987	2.566124				
	70.967743	2.560613				
	71.065491	2.555452				
	71.163246	2.550594				
	71.260994	2.545994				
	71.358749	2.541612				
	71.456497	2.537375				
	71.554253	2.533229				
	71.652	2.529117				
	71.749756	2.524975				
	71.847504	2.520755				
	71.945259	2.516417				
	72.043015	2.51192				
	72.140762	2.507256				
	72.238518	2.502402				
	72.336266	2.497365				
	72.434021	2.492174				
	72.531769	2.486844				
	72.629524	2.481418				
	72.727272	2.475954				
	72.825027	2.470493				
	72.922775	2.465105				
	73.020531	2.459846				
	73.118279	2.454772				
	73.216034	2.44995				
	73.313782	2.445431				
	73.411537	2.441246				
	73.509285	2.437454				
	73.60704	2.434061				
	73.704788	2.431096				
	73.802544	2.42856				
	73.900291	2.426447				
	73.998047	2.42474				
	74.095795	2.423415				
	74.19355	2.422436				
	74.291298	2.421764				
	74.389053	2.421347				
	74.486801	2.421133				
	74.584557	2.421073				
	74.682304	2.421114				
	74.78006	2.421206				
	74.877808	2.421299				
	74.975563	2.421361				
	75.073311	2.421359				
	75.171066	2.421272				
	75.268814	2.421089				
	75.36657	2.420808				
	75.464317	2.420438				
	75.562073	2.419992				
	75.659821	2.419503				
	75.757576	2.419002				
	75.855324	2.418523				
	75.953079	2.418105				
	76.050835	2.417779				
	76.148582	2.417598				
	76.246338	2.417576				
	76.344086	2.417741				
	76.441841	2.418113				
	76.539589	2.418689				
	76.637344	2.419457				
	76.735092	2.420398				
	76.832848	2.42147				
	76.930595	2.422623				
	77.028351	2.423782				
	77.126099	2.424862				
	77.223854	2.425786				
	77.321602	2.426433				
	77.419357	2.426694				
	77.517105	2.426457				
	77.614861	2.425605				
	77.712608	2.424013				
	77.810364	2.421575				
	77.908112	2.418203				
	78.005867	2.413798				
	78.103615	2.4083				
	78.20137	2.401657				
	78.299118	2.393852				
	78.396873	2.384881				
	78.494621	2.374756				
	78.592377	2.363526				
	78.690125	2.351261				
	78.78788	2.338028				
	78.885628	2.323933				
	78.983383	2.309078				
	79.081131	2.293574				
	79.178886	2.277545				
	79.276634	2.261104				
	79.37439	2.244375				
	79.472137	2.227462				
	79.569893	2.210469				
	79.667641	2.193497				
	79.765396	2.176634				
	79.863144	2.159952				
	79.960899	2.143519				
	80.058655	2.127399				
	80.156403	2.111638				
	80.254158	2.096274				
	80.351906	2.081348				
	80.449661	2.066891				
	80.547409	2.052925				
	80.645164	2.039474				
	80.742912	2.026564				
	80.840668	2.014216				
	80.938416	2.002452				
	81.036171	1.991295				
	81.133919	1.980772				
	81.231674	1.970914				
	81.329422	1.961749				
	81.427177	1.953314				
	81.524925	1.945655				
	81.622681	1.938807				
	81.720428	1.932817				
	81.818184	1.927736				
	81.915932	1.923612				
	82.013687	1.920496				
	82.111435	1.918451				
	82.20919	1.917526				
	82.306938	1.917774				
	82.404694	1.919266				
	82.502441	1.922044				
	82.600197	1.926171				
	82.697945	1.931702				
	82.7957	1.93869				
	82.893448	1.947183				
	82.991203	1.957236				
	83.088951	1.968891				
	83.186707	1.982195				
	83.284454	1.997181				
	83.38221	2.013888				
	83.479958	2.032344				
	83.577713	2.052564				
	83.675461	2.074573				
	83.773216	2.098372				
	83.870964	2.123945				
	83.968719	2.151294				
	84.066475	2.180366				
	84.164223	2.211116				
	84.261978	2.243494				
	84.359726	2.277389				
	84.457481	2.312696				
	84.555229	2.349271				
	84.652985	2.38694				
	84.750732	2.425505				
	84.848488	2.464726				
	84.946236	2.504326				
	85.043991	2.543986				
	85.141739	2.583349				
	85.239494	2.622041				
	85.337242	2.659618				
	85.434998	2.695649				
	85.532745	2.729645				
	85.630501	2.761129				
	85.728249	2.789603				
	85.826004	2.814618				
	85.923752	2.835723				
	86.021507	2.852526				
	86.119255	2.864705				
	86.21701	2.872				
	86.314758	2.874257				
	86.412514	2.87141				
	86.510262	2.863497				
	86.608017	2.850652				
	86.705765	2.833118				
	86.80352	2.811207				
	86.901268	2.785302				
	86.999023	2.755858				
	87.096771	2.723356				
	87.194527	2.688289				
	87.292274	2.651165				
	87.39003	2.612501				
	87.487778	2.572766				
	87.585533	2.532389				
	87.683281	2.491827				
	87.781036	2.451422				
	87.878784	2.411516				
	87.97654	2.372406				
	88.074295	2.334333				
	88.172043	2.297525				
	88.269798	2.262143				
	88.367546	2.228344				
	88.465302	2.196233				
	88.563049	2.165911				
	88.660805	2.137437				
	88.758553	2.110869				
	88.856308	2.086231				
	88.954056	2.063556				
	89.051811	2.042839				
	89.149559	2.024089				
	89.247314	2.007296				
	89.345062	1.992444				
	89.442818	1.979511				
	89.540565	1.968489				
	89.638321	1.959343				
	89.736069	1.952046				
	89.833824	1.94658				
	89.931572	1.942915				
	90.029327	1.941013				
	90.127075	1.940856				
	90.224831	1.94241				
	90.322578	1.945642				
	90.420334	1.950531				
	90.518082	1.95704				
	90.615837	1.965142				
	90.713585	1.974797				
	90.81134	1.985975				
	90.909088	1.998641				
	91.006844	2.012745				
	91.104591	2.028253				
	91.202347	2.045107				
	91.300095	2.063248				
	91.39785	2.082616				
	91.495598	2.103129				
	91.593353	2.124701				
	91.691101	2.147232				
	91.788857	2.170601				
	91.886604	2.194663				
	91.98436	2.219278				
	92.082115	2.244253				
	92.179863	2.269382				
	92.277618	2.294448				
	92.375366	2.319181				
	92.473122	2.343306				
	92.570869	2.366528				
	92.668625	2.38851				
	92.766373	2.408922				
	92.864128	2.427408				
	92.961876	2.443639				
	93.059631	2.457279				
	93.157379	2.468023				
	93.255135	2.4756				
	93.352882	2.479791				
	93.450638	2.480441				
	93.548386	2.477458				
	93.646141	2.470825				
	93.743889	2.4606				
	93.841644	2.446928				
	93.939392	2.430004				
	94.037148	2.410095				
	94.134895	2.387525				
	94.232651	2.362633				
	94.330399	2.335793				
	94.428154	2.307392				
	94.525902	2.277811				
	94.623657	2.247408				
	94.721405	2.216543				
	94.81916	2.185527				
	94.916908	2.154657				
	95.014664	2.12419				
	95.112411	2.094354				
	95.210167	2.065342				
	95.307915	2.037319				
	95.40567	2.010416				
	95.503418	1.984751				
	95.601173	1.960402				
	95.698921	1.93745				
	95.796677	1.915931				
	95.894424	1.89589				
	95.99218	1.877354				
	96.089935	1.860331				
	96.187683	1.844833				
	96.285439	1.830868				
	96.383186	1.818419				
	96.480942	1.807494				
	96.57869	1.798085				
	96.676445	1.790178				
	96.774193	1.783773				
	96.871948	1.778858				
	96.969696	1.775434				
	97.067451	1.773496				
	97.165199	1.773037				
	97.262955	1.774073				
	97.360703	1.776595				
	97.458458	1.780614				
	97.556206	1.786147				
	97.653961	1.793194				
	97.751709	1.80177				
	97.849464	1.811896				
	97.947212	1.823575				
	98.044968	1.836826				
	98.142715	1.851658				
	98.240471	1.868081				
	98.338219	1.886088				
	98.435974	1.905688				
	98.533722	1.926855				
	98.631477	1.949566				
	98.729225	1.973772				
	98.826981	1.999421				
	98.924728	2.026417				
	99.022484	2.054656				
	99.120232	2.083992				
	99.217987	2.114253				
	99.315735	2.145205				
	99.41349	2.176624				
	99.511238	2.208178				
	99.608994	2.239537				
	99.706741	2.270331				
	99.804497	2.300128				
	99.902245	2.328487				
	100	2.354963				
	15					
	0	398.704708				
	3.571429	398.704708				
	3.571429	380.941093				
	7.692308	380.941093				
	7.692308	398.645997				
	12.362637	398.645997				
	12.362637	446.055293				
	17.582417	446.055293				
	17.582417	466.653407				
	23.351647	466.653407				
	23.351647	534.857512				
	29.670328	534.857512				
	29.670328	655.816317				
	36.538459	655.816317				
	36.538459	805.637717				
	43.956041	805.637717				
	43.956041	897.114277				
	51.923074	897.114277				
	51.923074	971.012414				
	60.439557	971.012414				
	60.439557	1019.808054				
	69.505498	1019.808054				
	69.505498	1047.297955				
	79.120882	1047.297955				
	79.120882	1060.919046				
	89.285709	1060.919046				
	89.285709	1067.021966				
	121.428564	1067.021966				
	121.428564	1079.308033				
	99121.42944	1079.308033				
